code,program,category,dosesPerPatient,active,fullSupply,displayOrder,pricePerPack
EM0001,EM,EM,1,TRUE,TRUE,1,0
EM0002,EM,EM,1,TRUE,TRUE,1,0
EM0003,EM,EM,1,TRUE,TRUE,1,0
EM0004,EM,EM,1,TRUE,TRUE,1,0
EM0005,EM,EM,1,TRUE,TRUE,1,0
EM0006,EM,EM,1,TRUE,TRUE,1,0
EM0007,EM,EM,1,TRUE,TRUE,1,0
EM0008,EM,EM,1,TRUE,TRUE,1,0
EM0009,EM,EM,1,TRUE,TRUE,1,0
EM0010,EM,EM,1,TRUE,TRUE,1,0
EM0011,EM,EM,1,TRUE,TRUE,1,0
EM0012,EM,EM,1,TRUE,TRUE,1,0
EM0013,EM,EM,1,TRUE,TRUE,1,0
EM0014,EM,EM,1,TRUE,TRUE,1,0
EM0015,EM,EM,1,TRUE,TRUE,1,0
EM0016,EM,EM,1,TRUE,TRUE,1,0
EM0017,EM,EM,1,TRUE,TRUE,1,0
EM0018,EM,EM,1,TRUE,TRUE,1,0
EM0019,EM,EM,1,TRUE,TRUE,1,0
EM0020,EM,EM,1,TRUE,TRUE,1,0
EM0021,EM,EM,1,TRUE,TRUE,1,0
EM0022,EM,EM,1,TRUE,TRUE,1,0
EM0023,EM,EM,1,TRUE,TRUE,1,0
EM0024,EM,EM,1,TRUE,TRUE,1,0
EM0025,EM,EM,1,TRUE,TRUE,1,0
EM0026,EM,EM,1,TRUE,TRUE,1,0
EM0027,EM,EM,1,TRUE,TRUE,1,0
EM0028,EM,EM,1,TRUE,TRUE,1,0
EM0029,EM,EM,1,TRUE,TRUE,1,0
EM0030,EM,EM,1,TRUE,TRUE,1,0
EM0031,EM,EM,1,TRUE,TRUE,1,0
EM0032,EM,EM,1,TRUE,TRUE,1,0
EM0033,EM,EM,1,TRUE,TRUE,1,0
EM0034,EM,EM,1,TRUE,TRUE,1,0
EM0035,EM,EM,1,TRUE,TRUE,1,0
EM0036,EM,EM,1,TRUE,TRUE,1,0
EM0037,EM,EM,1,TRUE,TRUE,1,0
EM0039,EM,EM,1,TRUE,TRUE,1,0
EM0040,EM,EM,1,TRUE,TRUE,1,0
EM0041,EM,EM,1,TRUE,TRUE,1,0
EM0042,EM,EM,1,TRUE,TRUE,1,0
EM0043,EM,EM,1,TRUE,TRUE,1,0
EM0044,EM,EM,1,TRUE,TRUE,1,0
EM0045,EM,EM,1,TRUE,TRUE,1,0
EM0046,EM,EM,1,TRUE,TRUE,1,0
EM0047,EM,EM,1,TRUE,TRUE,1,0
EM0048,EM,EM,1,TRUE,TRUE,1,0
EM0049,EM,EM,1,TRUE,TRUE,1,0
EM0050,EM,EM,1,TRUE,TRUE,1,0
EM0051,EM,EM,1,TRUE,TRUE,1,0
EM0052,EM,EM,1,TRUE,TRUE,1,0
EM0053,EM,EM,1,TRUE,TRUE,1,0
EM0054,EM,EM,1,TRUE,TRUE,1,0
EM0055,EM,EM,1,TRUE,TRUE,1,0
EM0056,EM,EM,1,TRUE,TRUE,1,0
EM0057,EM,EM,1,TRUE,TRUE,1,0
EM0058,EM,EM,1,TRUE,TRUE,1,0
EM0059,EM,EM,1,TRUE,TRUE,1,0
EM0060,EM,EM,1,TRUE,TRUE,1,0
EM0061,EM,EM,1,TRUE,TRUE,1,0
EM0062,EM,EM,1,TRUE,TRUE,1,0
EM0063,EM,EM,1,TRUE,TRUE,1,0
EM0064,EM,EM,1,TRUE,TRUE,1,0
EM0065,EM,EM,1,TRUE,TRUE,1,0
EM0066,EM,EM,1,TRUE,TRUE,1,0
EM0067,EM,EM,1,TRUE,TRUE,1,0
EM0068,EM,EM,1,TRUE,TRUE,1,0
EM0069,EM,EM,1,TRUE,TRUE,1,0
EM0070,EM,EM,1,TRUE,TRUE,1,0
EM0071,EM,EM,1,TRUE,TRUE,1,0
EM0072,EM,EM,1,TRUE,TRUE,1,0
EM0073,EM,EM,1,TRUE,TRUE,1,0
EM0074,EM,EM,1,TRUE,TRUE,1,0
EM0075,EM,EM,1,TRUE,TRUE,1,0
EM0076,EM,EM,1,TRUE,TRUE,1,0
EM0077,EM,EM,1,TRUE,TRUE,1,0
EM0078,EM,EM,1,TRUE,TRUE,1,0
EM0079,EM,EM,1,TRUE,TRUE,1,0
EM0080,EM,EM,1,TRUE,TRUE,1,0
EM0081,EM,EM,1,TRUE,TRUE,1,0
EM0082,EM,EM,1,TRUE,TRUE,1,0
EM0083,EM,EM,1,TRUE,TRUE,1,0
EM0084,EM,EM,1,TRUE,TRUE,1,0
EM0085,EM,EM,1,TRUE,TRUE,1,0
EM0089,EM,EM,1,TRUE,TRUE,1,0
EM0090,EM,EM,1,TRUE,TRUE,1,0
EM0091,EM,EM,1,TRUE,TRUE,1,0
EM0092,EM,EM,1,TRUE,TRUE,1,0
EM0093,EM,EM,1,TRUE,TRUE,1,0
EM0094,EM,EM,1,TRUE,TRUE,1,0
EM0096,EM,EM,1,TRUE,TRUE,1,0
EM0112,EM,EM,1,TRUE,TRUE,1,0
EM0113,EM,EM,1,TRUE,TRUE,1,0
EM0114,EM,EM,1,TRUE,TRUE,1,0
EM0115,EM,EM,1,TRUE,TRUE,1,0
EM0116,EM,EM,1,TRUE,TRUE,1,0
EM0117,EM,EM,1,TRUE,TRUE,1,0
EM0118,EM,EM,1,TRUE,TRUE,1,0
EM0119,EM,EM,1,TRUE,TRUE,1,0
EM0120,EM,EM,1,TRUE,TRUE,1,0
EM0121,EM,EM,1,TRUE,TRUE,1,0
EM0122,EM,EM,1,TRUE,TRUE,1,0
EM0123,EM,EM,1,TRUE,TRUE,1,0
EM0124,EM,EM,1,TRUE,TRUE,1,0
EM0125,EM,EM,1,TRUE,TRUE,1,0
EM0126,EM,EM,1,TRUE,TRUE,1,0
EM0134,EM,EM,1,TRUE,TRUE,1,0
EM0135,EM,EM,1,TRUE,TRUE,1,0
EM0136,EM,EM,1,TRUE,TRUE,1,0
EM0137,EM,EM,1,TRUE,TRUE,1,0
EM0138,EM,EM,1,TRUE,TRUE,1,0
EM0139,EM,EM,1,TRUE,TRUE,1,0
EM0140,EM,EM,1,TRUE,TRUE,1,0
EM0141,EM,EM,1,TRUE,TRUE,1,0
EM0142,EM,EM,1,TRUE,TRUE,1,0
EM0143,EM,EM,1,TRUE,TRUE,1,0
EM0144,EM,EM,1,TRUE,TRUE,1,0
EM0145,EM,EM,1,TRUE,TRUE,1,0
EM0146,EM,EM,1,TRUE,TRUE,1,0
EM0147,EM,EM,1,TRUE,TRUE,1,0
EM0148,EM,EM,1,TRUE,TRUE,1,0
EM0149,EM,EM,1,TRUE,TRUE,1,0
EM0150,EM,EM,1,TRUE,TRUE,1,0
EM0151,EM,EM,1,TRUE,TRUE,1,0
EM0152,EM,EM,1,TRUE,TRUE,1,0
EM0153,EM,EM,1,TRUE,TRUE,1,0
EM0154,EM,EM,1,TRUE,TRUE,1,0
EM0155,EM,EM,1,TRUE,TRUE,1,0
EM0156,EM,EM,1,TRUE,TRUE,1,0
EM0157,EM,EM,1,TRUE,TRUE,1,0
EM0158,EM,EM,1,TRUE,TRUE,1,0
EM0159,EM,EM,1,TRUE,TRUE,1,0
EM0161,EM,EM,1,TRUE,TRUE,1,0
EM0162,EM,EM,1,TRUE,TRUE,1,0
EM0163,EM,EM,1,TRUE,TRUE,1,0
EM0164,EM,EM,1,TRUE,TRUE,1,0
EM0165,EM,EM,1,TRUE,TRUE,1,0
EM0166,EM,EM,1,TRUE,TRUE,1,0
EM0167,EM,EM,1,TRUE,TRUE,1,0
EM0168,EM,EM,1,TRUE,TRUE,1,0
EM0169,EM,EM,1,TRUE,TRUE,1,0
EM0170,EM,EM,1,TRUE,TRUE,1,0
EM0171,EM,EM,1,TRUE,TRUE,1,0
EM0172,EM,EM,1,TRUE,TRUE,1,0
EM0173,EM,EM,1,TRUE,TRUE,1,0
EM0174,EM,EM,1,TRUE,TRUE,1,0
EM0178,EM,EM,1,TRUE,TRUE,1,0
EM0179,EM,EM,1,TRUE,TRUE,1,0
EM0180,EM,EM,1,TRUE,TRUE,1,0
EM0181,EM,EM,1,TRUE,TRUE,1,0
EM0184,EM,EM,1,TRUE,TRUE,1,0
EM0185,EM,EM,1,TRUE,TRUE,1,0
EM0186,EM,EM,1,TRUE,TRUE,1,0
EM0187,EM,EM,1,TRUE,TRUE,1,0
EM0188,EM,EM,1,TRUE,TRUE,1,0
EM0190,EM,EM,1,TRUE,TRUE,1,0
EM0191,EM,EM,1,TRUE,TRUE,1,0
EM0193,EM,EM,1,TRUE,TRUE,1,0
EM0194,EM,EM,1,TRUE,TRUE,1,0
EM0195,EM,EM,1,TRUE,TRUE,1,0
EM0198,EM,EM,1,TRUE,TRUE,1,0
EM0199,EM,EM,1,TRUE,TRUE,1,0
EM0200,EM,EM,1,TRUE,TRUE,1,0
EM0201,EM,EM,1,TRUE,TRUE,1,0
EM0202,EM,EM,1,TRUE,TRUE,1,0
EM0203,EM,EM,1,TRUE,TRUE,1,0
EM0204,EM,EM,1,TRUE,TRUE,1,0
EM0205,EM,EM,1,TRUE,TRUE,1,0
EM0206,EM,EM,1,TRUE,TRUE,1,0
EM0207,EM,EM,1,TRUE,TRUE,1,0
EM0208,EM,EM,1,TRUE,TRUE,1,0
EM0209,EM,EM,1,TRUE,TRUE,1,0
EM0210,EM,EM,1,TRUE,TRUE,1,0
EM0211,EM,EM,1,TRUE,TRUE,1,0
EM0213,EM,EM,1,TRUE,TRUE,1,0
EM0214,EM,EM,1,TRUE,TRUE,1,0
EM0215,EM,EM,1,TRUE,TRUE,1,0
EM0216,EM,EM,1,TRUE,TRUE,1,0
EM0217,EM,EM,1,TRUE,TRUE,1,0
EM0218,EM,EM,1,TRUE,TRUE,1,0
EM0219,EM,EM,1,TRUE,TRUE,1,0
EM0220,EM,EM,1,TRUE,TRUE,1,0
EM0221,EM,EM,1,TRUE,TRUE,1,0
EM0222,EM,EM,1,TRUE,TRUE,1,0
EM0223,EM,EM,1,TRUE,TRUE,1,0
EM0225,EM,EM,1,TRUE,TRUE,1,0
EM0226,EM,EM,1,TRUE,TRUE,1,0
EM0227,EM,EM,1,TRUE,TRUE,1,0
EM0229,EM,EM,1,TRUE,TRUE,1,0
EM0230,EM,EM,1,TRUE,TRUE,1,0
EM0231,EM,EM,1,TRUE,TRUE,1,0
EM0232,EM,EM,1,TRUE,TRUE,1,0
EM0233,EM,EM,1,TRUE,TRUE,1,0
EM0234,EM,EM,1,TRUE,TRUE,1,0
EM0235,EM,EM,1,TRUE,TRUE,1,0
EM0239,EM,EM,1,TRUE,TRUE,1,0
EM0240,EM,EM,1,TRUE,TRUE,1,0
EM0242,EM,EM,1,TRUE,TRUE,1,0
EM0243,EM,EM,1,TRUE,TRUE,1,0
EM0244,EM,EM,1,TRUE,TRUE,1,0
EM0245,EM,EM,1,TRUE,TRUE,1,0
EM0246,EM,EM,1,TRUE,TRUE,1,0
EM0247,EM,EM,1,TRUE,TRUE,1,0
EM0248,EM,EM,1,TRUE,TRUE,1,0
EM0251,EM,EM,1,TRUE,TRUE,1,0
EM0252,EM,EM,1,TRUE,TRUE,1,0
EM0253,EM,EM,1,TRUE,TRUE,1,0
EM0254,EM,EM,1,TRUE,TRUE,1,0
EM0255,EM,EM,1,TRUE,TRUE,1,0
EM0256,EM,EM,1,TRUE,TRUE,1,0
EM0257,EM,EM,1,TRUE,TRUE,1,0
EM0258,EM,EM,1,TRUE,TRUE,1,0
EM0259,EM,EM,1,TRUE,TRUE,1,0
EM0260,EM,EM,1,TRUE,TRUE,1,0
EM0261,EM,EM,1,TRUE,TRUE,1,0
EM0262,EM,EM,1,TRUE,TRUE,1,0
EM0263,EM,EM,1,TRUE,TRUE,1,0
EM0264,EM,EM,1,TRUE,TRUE,1,0
EM0265,EM,EM,1,TRUE,TRUE,1,0
EM0266,EM,EM,1,TRUE,TRUE,1,0
EM0267,EM,EM,1,TRUE,TRUE,1,0
EM0268,EM,EM,1,TRUE,TRUE,1,0
EM0269,EM,EM,1,TRUE,TRUE,1,0
EM0270,EM,EM,1,TRUE,TRUE,1,0
EM0271,EM,EM,1,TRUE,TRUE,1,0
EM0272,EM,EM,1,TRUE,TRUE,1,0
EM0273,EM,EM,1,TRUE,TRUE,1,0
EM0274,EM,EM,1,TRUE,TRUE,1,0
EM0275,EM,EM,1,TRUE,TRUE,1,0
EM0276,EM,EM,1,TRUE,TRUE,1,0
EM0277,EM,EM,1,TRUE,TRUE,1,0
EM0278,EM,EM,1,TRUE,TRUE,1,0
EM0279,EM,EM,1,TRUE,TRUE,1,0
EM0280,EM,EM,1,TRUE,TRUE,1,0
EM0281,EM,EM,1,TRUE,TRUE,1,0
EM0282,EM,EM,1,TRUE,TRUE,1,0
EM0283,EM,EM,1,TRUE,TRUE,1,0
EM0284,EM,EM,1,TRUE,TRUE,1,0
EM0285,EM,EM,1,TRUE,TRUE,1,0
EM0287,EM,EM,1,TRUE,TRUE,1,0
EM0288,EM,EM,1,TRUE,TRUE,1,0
EM0289,EM,EM,1,TRUE,TRUE,1,0
EM0290,EM,EM,1,TRUE,TRUE,1,0
EM0291,EM,EM,1,TRUE,TRUE,1,0
EM0292,EM,EM,1,TRUE,TRUE,1,0
EM0293,EM,EM,1,TRUE,TRUE,1,0
EM0294,EM,EM,1,TRUE,TRUE,1,0
EM0295,EM,EM,1,TRUE,TRUE,1,0
EM0298,EM,EM,1,TRUE,TRUE,1,0
EM0299,EM,EM,1,TRUE,TRUE,1,0
EM0300,EM,EM,1,TRUE,TRUE,1,0
EM0301,EM,EM,1,TRUE,TRUE,1,0
EM0302,EM,EM,1,TRUE,TRUE,1,0
EM0303,EM,EM,1,TRUE,TRUE,1,0
EM0304,EM,EM,1,TRUE,TRUE,1,0
EM0306,EM,EM,1,TRUE,TRUE,1,0
EM0307,EM,EM,1,TRUE,TRUE,1,0
EM0308,EM,EM,1,TRUE,TRUE,1,0
EM0309,EM,EM,1,TRUE,TRUE,1,0
EM0310,EM,EM,1,TRUE,TRUE,1,0
EM0311,EM,EM,1,TRUE,TRUE,1,0
EM0312,EM,EM,1,TRUE,TRUE,1,0
EM0313,EM,EM,1,TRUE,TRUE,1,0
EM0314,EM,EM,1,TRUE,TRUE,1,0
EM0315,EM,EM,1,TRUE,TRUE,1,0
EM0317,EM,EM,1,TRUE,TRUE,1,0
EM0318,EM,EM,1,TRUE,TRUE,1,0
EM0319,EM,EM,1,TRUE,TRUE,1,0
EM0320,EM,EM,1,TRUE,TRUE,1,0
EM0321,EM,EM,1,TRUE,TRUE,1,0
EM0322,EM,EM,1,TRUE,TRUE,1,0
EM0323,EM,EM,1,TRUE,TRUE,1,0
EM0324,EM,EM,1,TRUE,TRUE,1,0
EM0325,EM,EM,1,TRUE,TRUE,1,0
EM0326,EM,EM,1,TRUE,TRUE,1,0
EM0327,EM,EM,1,TRUE,TRUE,1,0
EM0328,EM,EM,1,TRUE,TRUE,1,0
EM0329,EM,EM,1,TRUE,TRUE,1,0
EM0330,EM,EM,1,TRUE,TRUE,1,0
EM0331,EM,EM,1,TRUE,TRUE,1,0
EM0332,EM,EM,1,TRUE,TRUE,1,0
EM0334,EM,EM,1,TRUE,TRUE,1,0
EM0335,EM,EM,1,TRUE,TRUE,1,0
EM0336,EM,EM,1,TRUE,TRUE,1,0
EM0339,EM,EM,1,TRUE,TRUE,1,0
EM0356,EM,EM,1,TRUE,TRUE,1,0
EM0357,EM,EM,1,TRUE,TRUE,1,0
EM0358,EM,EM,1,TRUE,TRUE,1,0
EM0359,EM,EM,1,TRUE,TRUE,1,0
EM0360,EM,EM,1,TRUE,TRUE,1,0
EM0361,EM,EM,1,TRUE,TRUE,1,0
EM0363,EM,EM,1,TRUE,TRUE,1,0
EM0364,EM,EM,1,TRUE,TRUE,1,0
EM0365,EM,EM,1,TRUE,TRUE,1,0
EM0366,EM,EM,1,TRUE,TRUE,1,0
EM0367,EM,EM,1,TRUE,TRUE,1,0
EM0368,EM,EM,1,TRUE,TRUE,1,0
EM0369,EM,EM,1,TRUE,TRUE,1,0
EM0370,EM,EM,1,TRUE,TRUE,1,0
EM0371,EM,EM,1,TRUE,TRUE,1,0
EM0372,EM,EM,1,TRUE,TRUE,1,0
EM0373,EM,EM,1,TRUE,TRUE,1,0
EM0374,EM,EM,1,TRUE,TRUE,1,0
EM0375,EM,EM,1,TRUE,TRUE,1,0
EM0376,EM,EM,1,TRUE,TRUE,1,0
EM0378,EM,EM,1,TRUE,TRUE,1,0
EM0379,EM,EM,1,TRUE,TRUE,1,0
EM0380,EM,EM,1,TRUE,TRUE,1,0
EM0381,EM,EM,1,TRUE,TRUE,1,0
EM0382,EM,EM,1,TRUE,TRUE,1,0
EM0383,EM,EM,1,TRUE,TRUE,1,0
EM0384,EM,EM,1,TRUE,TRUE,1,0
EM0385,EM,EM,1,TRUE,TRUE,1,0
EM0386,EM,EM,1,TRUE,TRUE,1,0
EM0387,EM,EM,1,TRUE,TRUE,1,0
EM0388,EM,EM,1,TRUE,TRUE,1,0
EM0389,EM,EM,1,TRUE,TRUE,1,0
EM0390,EM,EM,1,TRUE,TRUE,1,0
EM0391,EM,EM,1,TRUE,TRUE,1,0
EM0392,EM,EM,1,TRUE,TRUE,1,0
EM0393,EM,EM,1,TRUE,TRUE,1,0
EM0394,EM,EM,1,TRUE,TRUE,1,0
EM0395,EM,EM,1,TRUE,TRUE,1,0
EM0396,EM,EM,1,TRUE,TRUE,1,0
EM0397,EM,EM,1,TRUE,TRUE,1,0
EM0398,EM,EM,1,TRUE,TRUE,1,0
EM0399,EM,EM,1,TRUE,TRUE,1,0
EM0400,EM,EM,1,TRUE,TRUE,1,0
EM0401,EM,EM,1,TRUE,TRUE,1,0
EM0402,EM,EM,1,TRUE,TRUE,1,0
EM0403,EM,EM,1,TRUE,TRUE,1,0
EM0404,EM,EM,1,TRUE,TRUE,1,0
EM0405,EM,EM,1,TRUE,TRUE,1,0
EM0406,EM,EM,1,TRUE,TRUE,1,0
EM0407,EM,EM,1,TRUE,TRUE,1,0
EM0408,EM,EM,1,TRUE,TRUE,1,0
EM0409,EM,EM,1,TRUE,TRUE,1,0
EM0410,EM,EM,1,TRUE,TRUE,1,0
EM0411,EM,EM,1,TRUE,TRUE,1,0
EM0412,EM,EM,1,TRUE,TRUE,1,0
EM0413,EM,EM,1,TRUE,TRUE,1,0
EM0414,EM,EM,1,TRUE,TRUE,1,0
EM0415,EM,EM,1,TRUE,TRUE,1,0
EM0416,EM,EM,1,TRUE,TRUE,1,0
EM0417,EM,EM,1,TRUE,TRUE,1,0
EM0418,EM,EM,1,TRUE,TRUE,1,0
EM0419,EM,EM,1,TRUE,TRUE,1,0
EM0420,EM,EM,1,TRUE,TRUE,1,0
EM0421,EM,EM,1,TRUE,TRUE,1,0
EM0422,EM,EM,1,TRUE,TRUE,1,0
EM0423,EM,EM,1,TRUE,TRUE,1,0
EM0424,EM,EM,1,TRUE,TRUE,1,0
EM0425,EM,EM,1,TRUE,TRUE,1,0
EM0426,EM,EM,1,TRUE,TRUE,1,0
EM0427,EM,EM,1,TRUE,TRUE,1,0
EM0428,EM,EM,1,TRUE,TRUE,1,0
EM0429,EM,EM,1,TRUE,TRUE,1,0
EM0430,EM,EM,1,TRUE,TRUE,1,0
EM0431,EM,EM,1,TRUE,TRUE,1,0
EM0432,EM,EM,1,TRUE,TRUE,1,0
EM0433,EM,EM,1,TRUE,TRUE,1,0
EM0434,EM,EM,1,TRUE,TRUE,1,0
EM0435,EM,EM,1,TRUE,TRUE,1,0
EM0436,EM,EM,1,TRUE,TRUE,1,0
EM0437,EM,EM,1,TRUE,TRUE,1,0
EM0438,EM,EM,1,TRUE,TRUE,1,0
EM0439,EM,EM,1,TRUE,TRUE,1,0
EM0440,EM,EM,1,TRUE,TRUE,1,0
EM0441,EM,EM,1,TRUE,TRUE,1,0
EM0442,EM,EM,1,TRUE,TRUE,1,0
EM0443,EM,EM,1,TRUE,TRUE,1,0
EM0444,EM,EM,1,TRUE,TRUE,1,0
EM0445,EM,EM,1,TRUE,TRUE,1,0
EM0446,EM,EM,1,TRUE,TRUE,1,0
EM0447,EM,EM,1,TRUE,TRUE,1,0
EM0448,EM,EM,1,TRUE,TRUE,1,0
EM0449,EM,EM,1,TRUE,TRUE,1,0
EM0450,EM,EM,1,TRUE,TRUE,1,0
EM0451,EM,EM,1,TRUE,TRUE,1,0
EM0452,EM,UNICEF,1,TRUE,TRUE,1,0
EM0453,EM,UNICEF,1,TRUE,TRUE,1,0
EM0455,EM,UNICEF,1,TRUE,TRUE,1,0
EM0456,EM,UNICEF,1,TRUE,TRUE,1,0
EM0457,EM,UNICEF,1,TRUE,TRUE,1,0
EM0458,EM,UNICEF,1,TRUE,TRUE,1,0
EM0460,EM,UNICEF,1,TRUE,TRUE,1,0
EM0462,EM,UNICEF,1,TRUE,TRUE,1,0
EM0463,EM,UNICEF,1,TRUE,TRUE,1,0
EM0464,EM,UNICEF,1,TRUE,TRUE,1,0
EM0465,EM,UNICEF,1,TRUE,TRUE,1,0
EM0467,EM,UNICEF,1,TRUE,TRUE,1,0
EM0468,EM,UNICEF,1,TRUE,TRUE,1,0
EM0469,EM,UNICEF,1,TRUE,TRUE,1,0
EM0470,EM,UNICEF,1,TRUE,TRUE,1,0
EM0471,EM,UNICEF,1,TRUE,TRUE,1,0
EM0472,EM,UNICEF,1,TRUE,TRUE,1,0
EM0473,EM,UNICEF,1,TRUE,TRUE,1,0
EM0475,EM,UNICEF,1,TRUE,TRUE,1,0
EM0476,EM,UNICEF,1,TRUE,TRUE,1,0
EM0477,EM,UNICEF,1,TRUE,TRUE,1,0
EM0478,EM,UNICEF,1,TRUE,TRUE,1,0
EM0479,EM,UNICEF,1,TRUE,TRUE,1,0
EM0480,EM,UNICEF,1,TRUE,TRUE,1,0
EM0481,EM,UNICEF,1,TRUE,TRUE,1,0
EM0482,EM,UNICEF,1,TRUE,TRUE,1,0
EM0483,EM,MEDCON,1,TRUE,TRUE,1,0
EM0484,EM,MEDCON,1,TRUE,TRUE,1,0
EM0485,EM,MEDCON,1,TRUE,TRUE,1,0
EM0486,EM,MEDCON,1,TRUE,TRUE,1,0
EM0487,EM,MEDCON,1,TRUE,TRUE,1,0
EM0488,EM,MEDCON,1,TRUE,TRUE,1,0
EM0489,EM,MEDCON,1,TRUE,TRUE,1,0
EM0490,EM,MEDCON,1,TRUE,TRUE,1,0
EM0491,EM,MEDCON,1,TRUE,TRUE,1,0
EM0492,EM,MEDCON,1,TRUE,TRUE,1,0
EM0493,EM,MEDCON,1,TRUE,TRUE,1,0
EM0494,EM,MEDCON,1,TRUE,TRUE,1,0
EM0495,EM,MEDCON,1,TRUE,TRUE,1,0
EM0496,EM,MEDCON,1,TRUE,TRUE,1,0
EM0497,EM,MEDCON,1,TRUE,TRUE,1,0
EM0498,EM,MEDCON,1,TRUE,TRUE,1,0
EM0499,EM,MEDCON,1,TRUE,TRUE,1,0
EM0500,EM,MEDCON,1,TRUE,TRUE,1,0
EM0501,EM,MEDCON,1,TRUE,TRUE,1,0
EM0502,EM,MEDCON,1,TRUE,TRUE,1,0
EM0503,EM,MEDCON,1,TRUE,TRUE,1,0
EM0504,EM,MEDCON,1,TRUE,TRUE,1,0
EM0505,EM,MEDCON,1,TRUE,TRUE,1,0
EM0506,EM,MEDCON,1,TRUE,TRUE,1,0
EM0507,EM,MEDCON,1,TRUE,TRUE,1,0
EM0508,EM,MEDCON,1,TRUE,TRUE,1,0
EM0509,EM,MEDCON,1,TRUE,TRUE,1,0
EM0510,EM,MEDCON,1,TRUE,TRUE,1,0
EM0511,EM,MEDCON,1,TRUE,TRUE,1,0
EM0512,EM,MEDCON,1,TRUE,TRUE,1,0
EM0513,EM,MEDCON,1,TRUE,TRUE,1,0
EM0514,EM,MEDCON,1,TRUE,TRUE,1,0
EM0515,EM,MEDCON,1,TRUE,TRUE,1,0
EM0516,EM,MEDCON,1,TRUE,TRUE,1,0
EM0517,EM,MEDCON,1,TRUE,TRUE,1,0
EM0518,EM,MEDCON,1,TRUE,TRUE,1,0
EM0519,EM,MEDCON,1,TRUE,TRUE,1,0
EM0520,EM,MEDCON,1,TRUE,TRUE,1,0
EM0521,EM,MEDCON,1,TRUE,TRUE,1,0
EM0522,EM,MEDCON,1,TRUE,TRUE,1,0
EM0523,EM,MEDCON,1,TRUE,TRUE,1,0
EM0524,EM,MEDCON,1,TRUE,TRUE,1,0
EM0525,EM,MEDCON,1,TRUE,TRUE,1,0
EM0526,EM,MEDCON,1,TRUE,TRUE,1,0
EM0527,EM,MEDCON,1,TRUE,TRUE,1,0
EM0528,EM,MEDCON,1,TRUE,TRUE,1,0
EM0529,EM,MEDCON,1,TRUE,TRUE,1,0
EM0530,EM,MEDCON,1,TRUE,TRUE,1,0
EM0531,EM,MEDCON,1,TRUE,TRUE,1,0
EM0532,EM,MEDCON,1,TRUE,TRUE,1,0
EM0533,EM,MEDCON,1,TRUE,TRUE,1,0
EM0534,EM,MEDCON,1,TRUE,TRUE,1,0
EM0535,EM,MEDCON,1,TRUE,TRUE,1,0
EM0536,EM,MEDCON,1,TRUE,TRUE,1,0
EM0537,EM,MEDCON,1,TRUE,TRUE,1,0
EM0538,EM,MEDCON,1,TRUE,TRUE,1,0
EM0539,EM,MEDCON,1,TRUE,TRUE,1,0
EM0540,EM,MEDCON,1,TRUE,TRUE,1,0
EM0541,EM,MEDCON,1,TRUE,TRUE,1,0
EM0542,EM,MEDCON,1,TRUE,TRUE,1,0
EM0543,EM,MEDCON,1,TRUE,TRUE,1,0
EM0544,EM,MEDCON,1,TRUE,TRUE,1,0
EM0545,EM,MEDCON,1,TRUE,TRUE,1,0
EM0546,EM,MEDCON,1,TRUE,TRUE,1,0
EM0547,EM,MEDCON,1,TRUE,TRUE,1,0
EM0548,EM,MEDCON,1,TRUE,TRUE,1,0
EM0549,EM,MEDCON,1,TRUE,TRUE,1,0
EM0550,EM,MEDCON,1,TRUE,TRUE,1,0
EM0551,EM,MEDCON,1,TRUE,TRUE,1,0
EM0552,EM,MEDCON,1,TRUE,TRUE,1,0
EM0553,EM,MEDCON,1,TRUE,TRUE,1,0
EM0554,EM,MEDCON,1,TRUE,TRUE,1,0
EM0555,EM,MEDCON,1,TRUE,TRUE,1,0
EM0556,EM,MEDCON,1,TRUE,TRUE,1,0
EM0557,EM,MEDCON,1,TRUE,TRUE,1,0
EM0558,EM,MEDCON,1,TRUE,TRUE,1,0
EM0559,EM,MEDCON,1,TRUE,TRUE,1,0
EM0560,EM,MEDCON,1,TRUE,TRUE,1,0
EM0561,EM,MEDCON,1,TRUE,TRUE,1,0
EM0562,EM,MEDCON,1,TRUE,TRUE,1,0
EM0563,EM,MEDCON,1,TRUE,TRUE,1,0
EM0564,EM,MEDCON,1,TRUE,TRUE,1,0
EM0565,EM,MEDCON,1,TRUE,TRUE,1,0
EM0566,EM,MEDCON,1,TRUE,TRUE,1,0
EM0567,EM,MEDCON,1,TRUE,TRUE,1,0
EM0568,EM,MEDCON,1,TRUE,TRUE,1,0
EM0569,EM,MEDCON,1,TRUE,TRUE,1,0
EM0570,EM,MEDCON,1,TRUE,TRUE,1,0
EM0571,EM,MEDCON,1,TRUE,TRUE,1,0
EM0572,EM,MEDCON,1,TRUE,TRUE,1,0
EM0573,EM,MEDCON,1,TRUE,TRUE,1,0
EM0574,EM,MEDCON,1,TRUE,TRUE,1,0
EM0575,EM,MEDCON,1,TRUE,TRUE,1,0
EM0576,EM,MEDCON,1,TRUE,TRUE,1,0
EM0577,EM,MEDCON,1,TRUE,TRUE,1,0
EM0578,EM,MEDCON,1,TRUE,TRUE,1,0
EM0579,EM,MEDCON,1,TRUE,TRUE,1,0
EM0580,EM,MEDCON,1,TRUE,TRUE,1,0
EM0581,EM,MEDCON,1,TRUE,TRUE,1,0
EM0582,EM,MEDCON,1,TRUE,TRUE,1,0
EM0583,EM,MEDCON,1,TRUE,TRUE,1,0
EM0584,EM,MEDCON,1,TRUE,TRUE,1,0
EM0585,EM,MEDCON,1,TRUE,TRUE,1,0
EM0586,EM,MEDCON,1,TRUE,TRUE,1,0
EM0587,EM,MEDCON,1,TRUE,TRUE,1,0
EM0588,EM,MEDCON,1,TRUE,TRUE,1,0
EM0589,EM,MEDCON,1,TRUE,TRUE,1,0
EM0590,EM,MEDCON,1,TRUE,TRUE,1,0
EM0591,EM,MEDCON,1,TRUE,TRUE,1,0
EM0592,EM,MEDCON,1,TRUE,TRUE,1,0
EM0593,EM,MEDCON,1,TRUE,TRUE,1,0
EM0594,EM,MEDCON,1,TRUE,TRUE,1,0
EM0595,EM,MEDCON,1,TRUE,TRUE,1,0
EM0596,EM,MEDCON,1,TRUE,TRUE,1,0
EM0597,EM,MEDCON,1,TRUE,TRUE,1,0
EM0598,EM,MEDCON,1,TRUE,TRUE,1,0
EM0599,EM,MEDCON,1,TRUE,TRUE,1,0
EM0600,EM,MEDCON,1,TRUE,TRUE,1,0
EM0601,EM,MEDCON,1,TRUE,TRUE,1,0
EM0602,EM,MEDCON,1,TRUE,TRUE,1,0
EM0603,EM,MEDCON,1,TRUE,TRUE,1,0
EM0604,EM,MEDCON,1,TRUE,TRUE,1,0
EM0605,EM,MEDCON,1,TRUE,TRUE,1,0
EM0606,EM,MEDCON,1,TRUE,TRUE,1,0
EM0607,EM,MEDCON,1,TRUE,TRUE,1,0
EM0608,EM,MEDCON,1,TRUE,TRUE,1,0
EM0609,EM,MEDCON,1,TRUE,TRUE,1,0
EM0610,EM,MEDCON,1,TRUE,TRUE,1,0
EM0611,EM,MEDCON,1,TRUE,TRUE,1,0
EM0612,EM,MEDCON,1,TRUE,TRUE,1,0
EM0613,EM,MEDCON,1,TRUE,TRUE,1,0
EM0614,EM,MEDCON,1,TRUE,TRUE,1,0
EM0615,EM,MEDCON,1,TRUE,TRUE,1,0
EM0616,EM,MEDCON,1,TRUE,TRUE,1,0
EM0617,EM,MEDCON,1,TRUE,TRUE,1,0
EM0618,EM,MEDCON,1,TRUE,TRUE,1,0
EM0619,EM,MEDCON,1,TRUE,TRUE,1,0
EM0620,EM,MEDCON,1,TRUE,TRUE,1,0
EM0621,EM,MEDCON,1,TRUE,TRUE,1,0
EM0622,EM,MEDCON,1,TRUE,TRUE,1,0
EM0623,EM,MEDCON,1,TRUE,TRUE,1,0
EM0624,EM,MEDCON,1,TRUE,TRUE,1,0
EM0625,EM,MEDCON,1,TRUE,TRUE,1,0
EM0626,EM,MEDCON,1,TRUE,TRUE,1,0
EM0627,EM,MEDCON,1,TRUE,TRUE,1,0
EM0628,EM,MEDCON,1,TRUE,TRUE,1,0
EM0629,EM,MEDCON,1,TRUE,TRUE,1,0
EM0630,EM,MEDCON,1,TRUE,TRUE,1,0
EM0631,EM,MEDCON,1,TRUE,TRUE,1,0
EM0632,EM,MEDCON,1,TRUE,TRUE,1,0
EM0633,EM,MEDCON,1,TRUE,TRUE,1,0
EM0634,EM,MEDCON,1,TRUE,TRUE,1,0
EM0635,EM,MEDCON,1,TRUE,TRUE,1,0
EM0636,EM,MEDCON,1,TRUE,TRUE,1,0
EM0637,EM,MEDCON,1,TRUE,TRUE,1,0
EM0638,EM,MEDCON,1,TRUE,TRUE,1,0
EM0639,EM,MEDCON,1,TRUE,TRUE,1,0
EM0640,EM,MEDCON,1,TRUE,TRUE,1,0
EM0641,EM,MEDCON,1,TRUE,TRUE,1,0
EM0642,EM,MEDCON,1,TRUE,TRUE,1,0
EM0643,EM,MEDCON,1,TRUE,TRUE,1,0
EM0644,EM,MEDCON,1,TRUE,TRUE,1,0
EM0645,EM,MEDCON,1,TRUE,TRUE,1,0
EM0646,EM,MEDCON,1,TRUE,TRUE,1,0
EM0647,EM,MEDCON,1,TRUE,TRUE,1,0
EM0648,EM,MEDCON,1,TRUE,TRUE,1,0
EM0649,EM,MEDCON,1,TRUE,TRUE,1,0
EM0650,EM,MEDCON,1,TRUE,TRUE,1,0
EM0651,EM,MEDCON,1,TRUE,TRUE,1,0
HIV0001,HIV,HIV,1,TRUE,TRUE,1,0
HIV0002,HIV,HIV,1,TRUE,TRUE,1,0
HIV0003,HIV,HIV,1,TRUE,TRUE,1,0
HIV0004,HIV,HIV,1,TRUE,TRUE,1,0
HIV0005,HIV,HIV,1,TRUE,TRUE,1,0
HIV0006,HIV,HIV,1,TRUE,TRUE,1,0
HIV0007,HIV,HIV,1,TRUE,TRUE,1,0
HIV0008,HIV,HIV,1,TRUE,TRUE,1,0
HIV0009,HIV,HIV,1,TRUE,TRUE,1,0
HIV0010,HIV,HIV,1,TRUE,TRUE,1,0
HIV0011,HIV,HIV,1,TRUE,TRUE,1,0
LC0001,LC,HIVLAB,1,TRUE,TRUE,1,0
LC0002,LC,HIVLAB,1,TRUE,TRUE,1,0
LC0003,LC,HIVLAB,1,TRUE,TRUE,1,0
LC0004,LC,HIVLAB,1,TRUE,TRUE,1,0
LC0005,LC,HIVLAB,1,TRUE,TRUE,1,0
LC0006,LC,HIVLAB,1,TRUE,TRUE,1,0
LC0007,LC,HIVLAB,1,TRUE,TRUE,1,0
LC0008,LC,HIVLAB,1,TRUE,TRUE,1,0
LC0009,LC,HIVLAB,1,TRUE,TRUE,1,0
LC0010,LC,HIVLAB,1,TRUE,TRUE,1,0
LC0011,LC,HIVLAB,1,TRUE,TRUE,1,0
LC0013,LC,HIVLAB,1,TRUE,TRUE,1,0
LC0015,LC,HIVLAB,1,TRUE,TRUE,1,0
LC0016,LC,HIVLAB,1,TRUE,TRUE,1,0
LC0017,LC,HIVLAB,1,TRUE,TRUE,1,0
LC0019,LC,HIVLAB,1,TRUE,TRUE,1,0
LC0020,LC,HIVLAB,1,TRUE,TRUE,1,0
LC0021,LC,HIVLAB,1,TRUE,TRUE,1,0
LC0022,LC,HIVLAB,1,TRUE,TRUE,1,0
LC0023,LC,HIVLAB,1,TRUE,TRUE,1,0
LC0024,LC,HIVLAB,1,TRUE,TRUE,1,0
LC0025,LC,HIVLAB,1,TRUE,TRUE,1,0
LC0026,LC,HIVLAB,1,TRUE,TRUE,1,0
LC0027,LC,HIVLAB,1,TRUE,TRUE,1,0
LC0028,LC,HIVLAB,1,TRUE,TRUE,1,0
LC0029,LC,HIVLAB,1,TRUE,TRUE,1,0
LC0030,LC,HIVLAB,1,TRUE,TRUE,1,0
LC0031,LC,HIVLAB,1,TRUE,TRUE,1,0
LC0032,LC,HIVLAB,1,TRUE,TRUE,1,0
LC0033,LC,HIVLAB,1,TRUE,TRUE,1,0
LC0034,LC,HIVLAB,1,TRUE,TRUE,1,0
LC0035,LC,HIVLAB,1,TRUE,TRUE,1,0
LC0036,LC,HIVLAB,1,TRUE,TRUE,1,0
LC0037,LC,HIVLAB,1,TRUE,TRUE,1,0
LC0038,LC,HIVLAB,1,TRUE,TRUE,1,0
LC0039,LC,HIVLAB,1,TRUE,TRUE,1,0
LC0040,LC,HIVLAB,1,TRUE,TRUE,1,0
LC0041,LC,HIVLAB,1,TRUE,TRUE,1,0
LC0042,LC,HIVLAB,1,TRUE,TRUE,1,0
LC0043,LC,HIVLAB,1,TRUE,TRUE,1,0
LC0044,LC,HIVLAB,1,TRUE,TRUE,1,0
LC0045,LC,HIVLAB,1,TRUE,TRUE,1,0
LC0046,LC,HIVLAB,1,TRUE,TRUE,1,0
LC0047,LC,HIVLAB,1,TRUE,TRUE,1,0
LC0048,LC,HIVLAB,1,TRUE,TRUE,1,0
LC0049,LC,HIVLAB,1,TRUE,TRUE,1,0
LC0051,LC,HIVLAB,1,TRUE,TRUE,1,0
LC0052,LC,HIVLAB,1,TRUE,TRUE,1,0
LC0053,LC,HIVLAB,1,TRUE,TRUE,1,0
LC0054,LC,HIVLAB,1,TRUE,TRUE,1,0
LC0055,LC,HIVLAB,1,TRUE,TRUE,1,0
LC0056,LC,HIVLAB,1,TRUE,TRUE,1,0
LC0057,LC,HIVLAB,1,TRUE,TRUE,1,0
LC0058,LC,HIVLAB,1,TRUE,TRUE,1,0
LC0060,LC,HIVLAB,1,TRUE,TRUE,1,0
LC0061,LC,HIVLAB,1,TRUE,TRUE,1,0
LC0062,LC,HIVLAB,1,TRUE,TRUE,1,0
LC0063,LC,HIVLAB,1,TRUE,TRUE,1,0
LC0065,LC,HIVLAB,1,TRUE,TRUE,1,0
LC0066,LC,TBLAB,1,TRUE,TRUE,1,0
LC0067,LC,TBLAB,1,TRUE,TRUE,1,0
LC0068,LC,TBLAB,1,TRUE,TRUE,1,0
LC0069,LC,TBLAB,1,TRUE,TRUE,1,0
LC0070,LC,TBLAB,1,TRUE,TRUE,1,0
LC0071,LC,TBLAB,1,TRUE,TRUE,1,0
LC0072,LC,TBLAB,1,TRUE,TRUE,1,0
LC0073,LC,TBLAB,1,TRUE,TRUE,1,0
LC0074,LC,TBLAB,1,TRUE,TRUE,1,0
LC0075,LC,TBLAB,1,TRUE,TRUE,1,0
LC0076,LC,TBLAB,1,TRUE,TRUE,1,0
LC0077,LC,TBLAB,1,TRUE,TRUE,1,0
LC0078,LC,TBLAB,1,TRUE,TRUE,1,0
LC0081,LC,TBLAB,1,TRUE,TRUE,1,0
LC0082,LC,TBLAB,1,TRUE,TRUE,1,0
LC0084,LC,TBLAB,1,TRUE,TRUE,1,0
LC0085,LC,TBLAB,1,TRUE,TRUE,1,0
LC0086,LC,TBLAB,1,TRUE,TRUE,1,0
LC0087,LC,TBLAB,1,TRUE,TRUE,1,0
LC0088,LC,TBLAB,1,TRUE,TRUE,1,0
LC0089,LC,TBLAB,1,TRUE,TRUE,1,0
LC0090,LC,TBLAB,1,TRUE,TRUE,1,0
LC0091,LC,TBLAB,1,TRUE,TRUE,1,0
LC0092,LC,TBLAB,1,TRUE,TRUE,1,0
LC0093,LC,TBLAB,1,TRUE,TRUE,1,0
LC0095,LC,TBLAB,1,TRUE,TRUE,1,0
LC0096,LC,TBLAB,1,TRUE,TRUE,1,0
LC0097,LC,TBLAB,1,TRUE,TRUE,1,0
LC0098,LC,TBLAB,1,TRUE,TRUE,1,0
LC0099,LC,TBLAB,1,TRUE,TRUE,1,0
LC0100,LC,TBLAB,1,TRUE,TRUE,1,0
LC0101,LC,TBLAB,1,TRUE,TRUE,1,0
LC0102,LC,TBLAB,1,TRUE,TRUE,1,0
LC0103,LC,TBLAB,1,TRUE,TRUE,1,0
LC0104,LC,TBLAB,1,TRUE,TRUE,1,0
LC0105,LC,TBLAB,1,TRUE,TRUE,1,0
LC0107,LC,TBLAB,1,TRUE,TRUE,1,0
LC0108,LC,TBLAB,1,TRUE,TRUE,1,0
LC0109,LC,TBLAB,1,TRUE,TRUE,1,0
LC0110,LC,TBLAB,1,TRUE,TRUE,1,0
LC0111,LC,TBLAB,1,TRUE,TRUE,1,0
LC0119,LC,TBLAB,1,TRUE,TRUE,1,0
LC0120,LC,TBLAB,1,TRUE,TRUE,1,0
LC0123,LC,TBLAB,1,TRUE,TRUE,1,0
LC0129,LC,TBLAB,1,TRUE,TRUE,1,0
LC0130,LC,TBLAB,1,TRUE,TRUE,1,0
LC0131,LC,TBLAB,1,TRUE,TRUE,1,0
LC0143,LC,TBLAB,1,TRUE,TRUE,1,0
LC0147,LC,TBLAB,1,TRUE,TRUE,1,0
LC0149,LC,TBLAB,1,TRUE,TRUE,1,0
LC0150,LC,TBLAB,1,TRUE,TRUE,1,0
LC0151,LC,TBLAB,1,TRUE,TRUE,1,0
LC0152,LC,TBLAB,1,TRUE,TRUE,1,0
LC0153,LC,TBLAB,1,TRUE,TRUE,1,0
LC0154,LC,MLALAB,1,TRUE,TRUE,1,0
LC0157,LC,MLALAB,1,TRUE,TRUE,1,0
LC0158,LC,MLALAB,1,TRUE,TRUE,1,0
LC0159,LC,MLALAB,1,TRUE,TRUE,1,0
LC0160,LC,MLALAB,1,TRUE,TRUE,1,0
LC0161,LC,MLALAB,1,TRUE,TRUE,1,0
LC0162,LC,MLALAB,1,TRUE,TRUE,1,0
LC0163,LC,MLALAB,1,TRUE,TRUE,1,0
LC0165,LC,MLALAB,1,TRUE,TRUE,1,0
LC0166,LC,MLALAB,1,TRUE,TRUE,1,0
LC0167,LC,MLALAB,1,TRUE,TRUE,1,0
LC0168,LC,MLALAB,1,TRUE,TRUE,1,0
LC0169,LC,MLALAB,1,TRUE,TRUE,1,0
LC0171,LC,MLALAB,1,TRUE,TRUE,1,0
LC0172,LC,MLALAB,1,TRUE,TRUE,1,0
LC0173,LC,MLALAB,1,TRUE,TRUE,1,0
LC0174,LC,MLALAB,1,TRUE,TRUE,1,0
LC0175,LC,MLALAB,1,TRUE,TRUE,1,0
LC0176,LC,MLALAB,1,TRUE,TRUE,1,0
LC0177,LC,MLALAB,1,TRUE,TRUE,1,0
LC0178,LC,MLALAB,1,TRUE,TRUE,1,0
LC0179,LC,MLALAB,1,TRUE,TRUE,1,0
LC0181,LC,MLALAB,1,TRUE,TRUE,1,0
LC0182,LC,MLALAB,1,TRUE,TRUE,1,0
LC0183,LC,MLALAB,1,TRUE,TRUE,1,0
LC0184,LC,MLALAB,1,TRUE,TRUE,1,0
LC0187,LC,MLALAB,1,TRUE,TRUE,1,0
LC0189,LC,MLALAB,1,TRUE,TRUE,1,0
LC0190,LC,MLALAB,1,TRUE,TRUE,1,0
LC0192,LC,MLALAB,1,TRUE,TRUE,1,0
LC0193,LC,MLALAB,1,TRUE,TRUE,1,0
LC0194,LC,MLALAB,1,TRUE,TRUE,1,0
LC0195,LC,MLALAB,1,TRUE,TRUE,1,0
LC0196,LC,MLALAB,1,TRUE,TRUE,1,0
LC0198,LC,MLALAB,1,TRUE,TRUE,1,0
LC0199,LC,MLALAB,1,TRUE,TRUE,1,0
LC0200,LC,MLALAB,1,TRUE,TRUE,1,0
LC0201,LC,HBTLAB,1,TRUE,TRUE,1,0
LC0202,LC,HBTLAB,1,TRUE,TRUE,1,0
LC0203,LC,HBTLAB,1,TRUE,TRUE,1,0
LC0204,LC,HBTLAB,1,TRUE,TRUE,1,0
LC0205,LC,HBTLAB,1,TRUE,TRUE,1,0
LC0206,LC,HBTLAB,1,TRUE,TRUE,1,0
LC0207,LC,HBTLAB,1,TRUE,TRUE,1,0
LC0209,LC,HBTLAB,1,TRUE,TRUE,1,0
LC0210,LC,HBTLAB,1,TRUE,TRUE,1,0
LC0211,LC,HBTLAB,1,TRUE,TRUE,1,0
LC0213,LC,HBTLAB,1,TRUE,TRUE,1,0
LC0214,LC,HBTLAB,1,TRUE,TRUE,1,0
LC0215,LC,HBTLAB,1,TRUE,TRUE,1,0
LC0216,LC,HBTLAB,1,TRUE,TRUE,1,0
LC0217,LC,HBTLAB,1,TRUE,TRUE,1,0
LC0219,LC,HBTLAB,1,TRUE,TRUE,1,0
LC0226,LC,HBTLAB,1,TRUE,TRUE,1,0
LC0229,LC,HBTLAB,1,TRUE,TRUE,1,0
LC0230,LC,MICRBLAB,1,TRUE,TRUE,1,0
LC0231,LC,MICRBLAB,1,TRUE,TRUE,1,0
LC0232,LC,MICRBLAB,1,TRUE,TRUE,1,0
LC0233,LC,MICRBLAB,1,TRUE,TRUE,1,0
LC0234,LC,MICRBLAB,1,TRUE,TRUE,1,0
LC0235,LC,MICRBLAB,1,TRUE,TRUE,1,0
LC0236,LC,MICRBLAB,1,TRUE,TRUE,1,0
LC0237,LC,MICRBLAB,1,TRUE,TRUE,1,0
LC0238,LC,MICRBLAB,1,TRUE,TRUE,1,0
LC0239,LC,MICRBLAB,1,TRUE,TRUE,1,0
LC0240,LC,MICRBLAB,1,TRUE,TRUE,1,0
LC0241,LC,MICRBLAB,1,TRUE,TRUE,1,0
LC0242,LC,MICRBLAB,1,TRUE,TRUE,1,0
LC0243,LC,MICRBLAB,1,TRUE,TRUE,1,0
LC0244,LC,MICRBLAB,1,TRUE,TRUE,1,0
LC0245,LC,MICRBLAB,1,TRUE,TRUE,1,0
LC0246,LC,MICRBLAB,1,TRUE,TRUE,1,0
LC0247,LC,MICRBLAB,1,TRUE,TRUE,1,0
LC0248,LC,MICRBLAB,1,TRUE,TRUE,1,0
LC0249,LC,MICRBLAB,1,TRUE,TRUE,1,0
LC0250,LC,MICRBLAB,1,TRUE,TRUE,1,0
LC0251,LC,MICRBLAB,1,TRUE,TRUE,1,0
LC0252,LC,MICRBLAB,1,TRUE,TRUE,1,0
LC0253,LC,MICRBLAB,1,TRUE,TRUE,1,0
LC0254,LC,MICRBLAB,1,TRUE,TRUE,1,0
LC0256,LC,MICRBLAB,1,TRUE,TRUE,1,0
LC0257,LC,MICRBLAB,1,TRUE,TRUE,1,0
LC0258,LC,MICRBLAB,1,TRUE,TRUE,1,0
LC0259,LC,MICRBLAB,1,TRUE,TRUE,1,0
LC0260,LC,MICRBLAB,1,TRUE,TRUE,1,0
LC0261,LC,MICRBLAB,1,TRUE,TRUE,1,0
LC0262,LC,MICRBLAB,1,TRUE,TRUE,1,0
LC0263,LC,MICRBLAB,1,TRUE,TRUE,1,0
LC0264,LC,MICRBLAB,1,TRUE,TRUE,1,0
LC0265,LC,MICRBLAB,1,TRUE,TRUE,1,0
LC0266,LC,MICRBLAB,1,TRUE,TRUE,1,0
LC0267,LC,MICRBLAB,1,TRUE,TRUE,1,0
LC0268,LC,MICRBLAB,1,TRUE,TRUE,1,0
LC0269,LC,MICRBLAB,1,TRUE,TRUE,1,0
LC0270,LC,MICRBLAB,1,TRUE,TRUE,1,0
LC0271,LC,MICRBLAB,1,TRUE,TRUE,1,0
LC0272,LC,MICRBLAB,1,TRUE,TRUE,1,0
LC0273,LC,MICRBLAB,1,TRUE,TRUE,1,0
LC0274,LC,MICRBLAB,1,TRUE,TRUE,1,0
LC0275,LC,MICRBLAB,1,TRUE,TRUE,1,0
LC0276,LC,MICRBLAB,1,TRUE,TRUE,1,0
LC0277,LC,MICRBLAB,1,TRUE,TRUE,1,0
LC0278,LC,MICRBLAB,1,TRUE,TRUE,1,0
LC0279,LC,MICRBLAB,1,TRUE,TRUE,1,0
LC0280,LC,MICRBLAB,1,TRUE,TRUE,1,0
LC0281,LC,MICRBLAB,1,TRUE,TRUE,1,0
LC0282,LC,MICRBLAB,1,TRUE,TRUE,1,0
LC0283,LC,MICRBLAB,1,TRUE,TRUE,1,0
LC0284,LC,MICRBLAB,1,TRUE,TRUE,1,0
LC0285,LC,MICRBLAB,1,TRUE,TRUE,1,0
LC0286,LC,MICRBLAB,1,TRUE,TRUE,1,0
LC0287,LC,MICRBLAB,1,TRUE,TRUE,1,0
LC0288,LC,MICRBLAB,1,TRUE,TRUE,1,0
LC0289,LC,MICRBLAB,1,TRUE,TRUE,1,0
LC0290,LC,MICRBLAB,1,TRUE,TRUE,1,0
LC0291,LC,MICRBLAB,1,TRUE,TRUE,1,0
LC0292,LC,MICRBLAB,1,TRUE,TRUE,1,0
LC0293,LC,MICRBLAB,1,TRUE,TRUE,1,0
LC0294,LC,MICRBLAB,1,TRUE,TRUE,1,0
LC0295,LC,MICRBLAB,1,TRUE,TRUE,1,0
LC0296,LC,MICRBLAB,1,TRUE,TRUE,1,0
LC0297,LC,MICRBLAB,1,TRUE,TRUE,1,0
LC0298,LC,MICRBLAB,1,TRUE,TRUE,1,0
LC0299,LC,MICRBLAB,1,TRUE,TRUE,1,0
LC0300,LC,MICRBLAB,1,TRUE,TRUE,1,0
LC0301,LC,MICRBLAB,1,TRUE,TRUE,1,0
LC0302,LC,MICRBLAB,1,TRUE,TRUE,1,0
LC0303,LC,MICRBLAB,1,TRUE,TRUE,1,0
LC0304,LC,MICRBLAB,1,TRUE,TRUE,1,0
LC0305,LC,MICRBLAB,1,TRUE,TRUE,1,0
LC0306,LC,MICRBLAB,1,TRUE,TRUE,1,0
LC0307,LC,MICRBLAB,1,TRUE,TRUE,1,0
LC0308,LC,MICRBLAB,1,TRUE,TRUE,1,0
LC0309,LC,MICRBLAB,1,TRUE,TRUE,1,0
LC0310,LC,MICRBLAB,1,TRUE,TRUE,1,0
LC0311,LC,MICRBLAB,1,TRUE,TRUE,1,0
LC0312,LC,MICRBLAB,1,TRUE,TRUE,1,0
LC0315,LC,MICRBLAB,1,TRUE,TRUE,1,0
LC0316,LC,MICRBLAB,1,TRUE,TRUE,1,0
LC0317,LC,MICRBLAB,1,TRUE,TRUE,1,0
LC0318,LC,MICRBLAB,1,TRUE,TRUE,1,0
LC0319,LC,MICRBLAB,1,TRUE,TRUE,1,0
LC0320,LC,MICRBLAB,1,TRUE,TRUE,1,0
LC0321,LC,BIOCHEMLAB,1,TRUE,TRUE,1,0
LC0322,LC,BIOCHEMLAB,1,TRUE,TRUE,1,0
LC0323,LC,BIOCHEMLAB,1,TRUE,TRUE,1,0
LC0324,LC,BIOCHEMLAB,1,TRUE,TRUE,1,0
LC0325,LC,BIOCHEMLAB,1,TRUE,TRUE,1,0
LC0326,LC,BIOCHEMLAB,1,TRUE,TRUE,1,0
LC0327,LC,BIOCHEMLAB,1,TRUE,TRUE,1,0
LC0328,LC,BIOCHEMLAB,1,TRUE,TRUE,1,0
LC0329,LC,BIOCHEMLAB,1,TRUE,TRUE,1,0
LC0330,LC,BIOCHEMLAB,1,TRUE,TRUE,1,0
LC0331,LC,BIOCHEMLAB,1,TRUE,TRUE,1,0
LC0332,LC,BIOCHEMLAB,1,TRUE,TRUE,1,0
LC0333,LC,BIOCHEMLAB,1,TRUE,TRUE,1,0
LC0334,LC,BIOCHEMLAB,1,TRUE,TRUE,1,0
LC0335,LC,BIOCHEMLAB,1,TRUE,TRUE,1,0
LC0336,LC,BIOCHEMLAB,1,TRUE,TRUE,1,0
LC0337,LC,BIOCHEMLAB,1,TRUE,TRUE,1,0
LC0338,LC,BIOCHEMLAB,1,TRUE,TRUE,1,0
LC0339,LC,BIOCHEMLAB,1,TRUE,TRUE,1,0
LC0340,LC,BIOCHEMLAB,1,TRUE,TRUE,1,0
LC0341,LC,BIOCHEMLAB,1,TRUE,TRUE,1,0
LC0342,LC,BIOCHEMLAB,1,TRUE,TRUE,1,0
LC0344,LC,BIOCHEMLAB,1,TRUE,TRUE,1,0
LC0345,LC,BIOCHEMLAB,1,TRUE,TRUE,1,0
LC0346,LC,BIOCHEMLAB,1,TRUE,TRUE,1,0
LC0347,LC,BIOCHEMLAB,1,TRUE,TRUE,1,0
LC0348,LC,BIOCHEMLAB,1,TRUE,TRUE,1,0
LC0349,LC,BIOCHEMLAB,1,TRUE,TRUE,1,0
LC0350,LC,BIOCHEMLAB,1,TRUE,TRUE,1,0
LC0351,LC,BIOCHEMLAB,1,TRUE,TRUE,1,0
LC0352,LC,BIOCHEMLAB,1,TRUE,TRUE,1,0
LC0354,LC,BIOCHEMLAB,1,TRUE,TRUE,1,0
LC0355,LC,BIOCHEMLAB,1,TRUE,TRUE,1,0
LC0356,LC,BIOCHEMLAB,1,TRUE,TRUE,1,0
LC0357,LC,BIOCHEMLAB,1,TRUE,TRUE,1,0
LC0358,LC,BIOCHEMLAB,1,TRUE,TRUE,1,0
LC0360,LC,HIVLAB,1,TRUE,TRUE,1,0
LC0361,LC,BIOCHEMLAB,1,TRUE,TRUE,1,0
LC0362,LC,BIOCHEMLAB,1,TRUE,TRUE,1,0
LC0363,LC,BIOCHEMLAB,1,TRUE,TRUE,1,0
LC0364,LC,BIOCHEMLAB,1,TRUE,TRUE,1,0
LC0365,LC,BIOCHEMLAB,1,TRUE,TRUE,1,0
LC0368,LC,BIOCHEMLAB,1,TRUE,TRUE,1,0
LC0369,LC,BIOCHEMLAB,1,TRUE,TRUE,1,0
LC0370,LC,BIOCHEMLAB,1,TRUE,TRUE,1,0
LC0371,LC,BIOCHEMLAB,1,TRUE,TRUE,1,0
LC0372,LC,BIOCHEMLAB,1,TRUE,TRUE,1,0
LC0373,LC,BIOCHEMLAB,1,TRUE,TRUE,1,0
LC0374,LC,BIOCHEMLAB,1,TRUE,TRUE,1,0
LC0375,LC,BIOCHEMLAB,1,TRUE,TRUE,1,0
LC0376,LC,BIOCHEMLAB,1,TRUE,TRUE,1,0
LC0377,LC,BIOCHEMLAB,1,TRUE,TRUE,1,0
LC0378,LC,BIOCHEMLAB,1,TRUE,TRUE,1,0
LC0379,LC,BIOCHEMLAB,1,TRUE,TRUE,1,0
LC0381,LC,BIOCHEMLAB,1,TRUE,TRUE,1,0
LC0382,LC,BIOCHEMLAB,1,TRUE,TRUE,1,0
LC0385,LC,BIOCHEMLAB,1,TRUE,TRUE,1,0
LC0386,LC,BIOCHEMLAB,1,TRUE,TRUE,1,0
LC0387,LC,BIOCHEMLAB,1,TRUE,TRUE,1,0
LC0391,LC,BIOCHEMLAB,1,TRUE,TRUE,1,0
LC0392,LC,BIOCHEMLAB,1,TRUE,TRUE,1,0
LC0393,LC,BIOCHEMLAB,1,TRUE,TRUE,1,0
LC0394,LC,EQUIPLAB,1,TRUE,TRUE,1,0
LC0395,LC,EQUIPLAB,1,TRUE,TRUE,1,0
LC0396,LC,EQUIPLAB,1,TRUE,TRUE,1,0
LC0397,LC,EQUIPLAB,1,TRUE,TRUE,1,0
LC0398,LC,EQUIPLAB,1,TRUE,TRUE,1,0
LC0402,LC,EQUIPLAB,1,TRUE,TRUE,1,0
LC0408,LC,EQUIPLAB,1,TRUE,TRUE,1,0
LC0410,LC,EQUIPLAB,1,TRUE,TRUE,1,0
LC0411,LC,EQUIPLAB,1,TRUE,TRUE,1,0
LC0414,LC,HISTLAB,1,TRUE,TRUE,1,0
LC0415,LC,HISTLAB,1,TRUE,TRUE,1,0
LC0416,LC,HISTLAB,1,TRUE,TRUE,1,0
LC0419,LC,HISTLAB,1,TRUE,TRUE,1,0
LC0424,LC,HISTLAB,1,TRUE,TRUE,1,0
LC0427,LC,HISTLAB,1,TRUE,TRUE,1,0
LC0428,LC,HISTLAB,1,TRUE,TRUE,1,0
LC0429,LC,HISTLAB,1,TRUE,TRUE,1,0
LC0439,LC,HISTLAB,1,TRUE,TRUE,1,0
LC0440,LC,HISTLAB,1,TRUE,TRUE,1,0
LC0444,LC,HISTLAB,1,TRUE,TRUE,1,0
LC0445,LC,HISTLAB,1,TRUE,TRUE,1,0
LC0446,LC,HISTLAB,1,TRUE,TRUE,1,0
LC0447,LC,HISTLAB,1,TRUE,TRUE,1,0
LC0448,LC,HISTLAB,1,TRUE,TRUE,1,0
LC0449,LC,HISTLAB,1,TRUE,TRUE,1,0
LC0452,LC,LC,1,TRUE,TRUE,1,0
LC0453,LC,LC,1,TRUE,TRUE,1,0
LC0454,LC,LC,1,TRUE,TRUE,1,0
LC0456,LC,LC,1,TRUE,TRUE,1,0
LC0457,LC,LC,1,TRUE,TRUE,1,0
LC0458,LC,LC,1,TRUE,TRUE,1,0
LC0459,LC,LC,1,TRUE,TRUE,1,0
LC0460,LC,LC,1,TRUE,TRUE,1,0
LC0461,LC,LC,1,TRUE,TRUE,1,0
LC0462,LC,LC,1,TRUE,TRUE,1,0
LC0463,LC,LC,1,TRUE,TRUE,1,0
LC0464,LC,LC,1,TRUE,TRUE,1,0
LC0465,LC,LC,1,TRUE,TRUE,1,0
LC0466,LC,LC,1,TRUE,TRUE,1,0
LC0467,LC,LC,1,TRUE,TRUE,1,0
LC0468,LC,LC,1,TRUE,TRUE,1,0
LC0469,LC,LC,1,TRUE,TRUE,1,0
LC0470,LC,LC,1,TRUE,TRUE,1,0
LC0471,LC,LC,1,TRUE,TRUE,1,0
LC0472,LC,LC,1,TRUE,TRUE,1,0
LC0473,LC,LC,1,TRUE,TRUE,1,0
LC0474,LC,LC,1,TRUE,TRUE,1,0
LC0475,LC,LC,1,TRUE,TRUE,1,0
LC0476,LC,LC,1,TRUE,TRUE,1,0
LC0477,LC,LC,1,TRUE,TRUE,1,0
LC0478,LC,LC,1,TRUE,TRUE,1,0
LC0479,LC,LC,1,TRUE,TRUE,1,0
LC0480,LC,LC,1,TRUE,TRUE,1,0
LC0481,LC,LC,1,TRUE,TRUE,1,0
LC0482,LC,TBLAB,1,TRUE,TRUE,1,0
LC0483,LC,TBLAB,1,TRUE,TRUE,1,0
MAL0001,MLA,MLA,1,TRUE,TRUE,1,0
MAL0002,MLA,MLA,1,TRUE,TRUE,1,0
MAL0003,MLA,MLA,1,TRUE,TRUE,1,0
MAL0004,MLA,MLA,1,TRUE,TRUE,1,0
MAL0005,MLA,MLA,1,TRUE,TRUE,1,0
MAL0006,MLA,MLA,1,TRUE,TRUE,1,0
MAL0007,MLA,MLA,1,TRUE,TRUE,1,0
MAL0008,MLA,MLA,1,TRUE,TRUE,1,0
MAL0009,MLA,MLA,1,TRUE,TRUE,1,0
MAL0010,MLA,MLA,1,TRUE,TRUE,1,0
MAL0011,MLA,MLA,1,TRUE,TRUE,1,0
MAL0012,MLA,MLA,1,TRUE,TRUE,1,0
MAL0013,MLA,MLA,1,TRUE,TRUE,1,0
MAL0014,MLA,MLA,1,TRUE,TRUE,1,0
MAL0015,MLA,MLA,1,TRUE,TRUE,1,0
MAL0016,MLA,MLA,1,TRUE,TRUE,1,0
MAL0017,MLA,MLA,1,TRUE,TRUE,1,0
MAL0018,MLA,MLA,1,TRUE,TRUE,1,0
RH0001,RMNCAH,RMNCAH,1,TRUE,TRUE,1,0
RH0002,RMNCAH,RMNCAH,1,TRUE,TRUE,1,0
RH0003,RMNCAH,RMNCAH,1,TRUE,TRUE,1,0
RH0004,RMNCAH,RMNCAH,1,TRUE,TRUE,1,0
RH0005,RMNCAH,RMNCAH,1,TRUE,TRUE,1,0
RH0006,RMNCAH,RMNCAH,1,TRUE,TRUE,1,0
RH0007,RMNCAH,RMNCAH,1,TRUE,TRUE,1,0
RH0008,RMNCAH,RMNCAH,1,TRUE,TRUE,1,0
RH0009,RMNCAH,RMNCAH,1,TRUE,TRUE,1,0
RH0010,RMNCAH,RMNCAH,1,TRUE,TRUE,1,0
RH0011,RMNCAH,RMNCAH,1,TRUE,TRUE,1,0
RH0012,RMNCAH,RMNCAH,1,TRUE,TRUE,1,0
RH0013,RMNCAH,RMNCAH,1,TRUE,TRUE,1,0
RH0014,RMNCAH,RMNCAH,1,TRUE,TRUE,1,0
RH0015,RMNCAH,RMNCAH,1,TRUE,TRUE,1,0
RH0016,RMNCAH,RMNCAH,1,TRUE,TRUE,1,0
TB0001,TB,TB,1,TRUE,TRUE,1,0
TB0002,TB,TB,1,TRUE,TRUE,1,0
TB0003,TB,TB,1,TRUE,TRUE,1,0
TB0004,TB,TB,1,TRUE,TRUE,1,0
TB0005,TB,TB,1,TRUE,TRUE,1,0
TB0006,TB,TB,1,TRUE,TRUE,1,0
TB0007,TB,TB,1,TRUE,TRUE,1,0
TB0008,TB,TB,1,TRUE,TRUE,1,0
TB0009,TB,TB,1,TRUE,TRUE,1,0
TB0010,TB,TB,1,TRUE,TRUE,1,0
TB0011,TB,TB,1,TRUE,TRUE,1,0
TB0012,TB,TB,1,TRUE,TRUE,1,0
TB0013,TB,TB,1,TRUE,TRUE,1,0
TB0014,TB,TB,1,TRUE,TRUE,1,0
TB0015,TB,TB,1,TRUE,TRUE,1,0
TB0016,TB,TB,1,TRUE,TRUE,1,0
EM0652,EM,EM,1,TRUE,TRUE,1,0
EM0653,EM,EM,1,TRUE,TRUE,1,0
EM0654,EM,EM,1,TRUE,TRUE,1,0
EM0655,EM,EM,1,TRUE,TRUE,1,0
EM0656,EM,EM,1,TRUE,TRUE,1,0
EM0657,EM,EM,1,TRUE,TRUE,1,0
EM0658,EM,EM,1,TRUE,TRUE,1,0
EM0659,EM,EM,1,TRUE,TRUE,1,0
EM0660,EM,EM,1,TRUE,TRUE,1,0
EM0661,EM,EM,1,TRUE,TRUE,1,0
EM0662,EM,EM,1,TRUE,TRUE,1,0
EM0663,EM,EM,1,TRUE,TRUE,1,0
EM0664,EM,EM,1,TRUE,TRUE,1,0
EM0665,EM,EM,1,TRUE,TRUE,1,0
EM0666,EM,EM,1,TRUE,TRUE,1,0
EM0667,EM,EM,1,TRUE,TRUE,1,0
EM0668,EM,EM,1,TRUE,TRUE,1,0
EM0669,EM,EM,1,TRUE,TRUE,1,0
EM0670,EM,EM,1,TRUE,TRUE,1,0
HIV0013,HIV,HIV,1,TRUE,TRUE,1,0
HIV0014,HIV,HIV,1,TRUE,TRUE,1,0
HIV0012,HIV,HIV,1,TRUE,TRUE,1,0
MAL0021,MLA,MLA,1,TRUE,TRUE,1,0
MAL0019,MLA,MLA,1,TRUE,TRUE,1,0
MAL0020,MLA,MLA,1,TRUE,TRUE,1,0
MAL0022,MLA,MLA,1,TRUE,TRUE,1,0